-0.069999 242.67399311066
-0.069999 239.25518989563
-0.069999 245.60439586639
-0.063599 244.74968910217
-0.069999 245.48228979111
-0.069999 246.33699655533
-0.065199 247.06959724426
-0.065999 246.82539701462
-0.069999 247.31379747391
-0.067599 247.55799770355
-0.065999 246.09279632568
-0.066799 248.65689277649
-0.065999 249.26739931107
-0.069999 248.77899885178
-0.065999 248.29059839249
-0.069999 248.1684923172
-0.069999 249.14529323578
-0.061199 250.24421215057
-0.067599 249.63369369507
-0.061199 248.29059839249
-0.067599 248.90109300613
-0.066799 248.65689277649
-0.067599 248.41269254684
-0.067599 247.92429208755
-0.067599 248.1684923172
-0.066799 248.41269254684
-0.067599 248.65689277649
-0.067599 248.90109300613
-0.061199 250
-0.066799 248.77899885178
-0.067599 249.87789392471
-0.063599 248.1684923172
