240.35408496857
240.59828519821
241.69719219208
243.16239356995
243.40659379959
245.1159954071
245.84859609604
246.21489048004
247.31379747391
247.19169139862
248.53479862213
248.53479862213
249.38949346542
249.14529323578
249.63369369507
251.8315076828
252.31990814209
252.68621444702
254.8840045929
255.86080551147
256.7155122757
255.49449920654
256.83760643005
255.98289966583
257.20391273499
257.20391273499
257.4481010437
262.3321056366
255.86080551147
255.73871135712
253.6630153656
247.92429208755
242.79608726501
245.48228979111
245.84859609604
243.40659379959
244.74968910217
245.1159954071
246.21489048004
247.06959724426
250
249.14529323578
250.24421215057
250.73261260986
252.07569599152
285.7753276825
286.26372814178
285.7753276825
271.24543190002
284.5543384552
254.02929782867
282.96704292297
282.84492492676
281.86812400818
282.96704292297
281.13553524017
281.62393569946
281.62393569946
282.23443031311
281.25762939453
281.01344108582
281.13553524017
281.25762939453
280.8913230896
279.91452217102
280.52504062653
281.01344108582
280.76922893524
280.8913230896
282.23443031311
282.60073661804
282.23443031311
282.96704292297
281.86812400818
282.35652446747
281.13553524017
281.37972354889
281.13553524017
